0  1  0  0  4  0  0  0  8  9 
 1  0  0  0  0  13  0  15  0  0 
 0  0  0  18  0  20  0  0  0  0 
 0  0  18  0  0  0  0  0  0  0 
 4  0  0  0  0  0  0  0  0  0 
 0  13  20  0  0  0  0  0  0  0 
 0  0  0  0  0  0  0  40  0  0 
 0  15  0  0  0  0  40  0  0  0 
 8  0  0  0  0  0  0  0  0  0 
 9  0  0  0  0  0  0  0  0  0 

(5, 1) (0, 1) (9, 0) (7, 1) (2, 5) (6, 7) (8, 0) (3, 2) (4, 0) Waga: 128

 0  0  0  3  4  5  0  0  0  0 
 0  0  0  11  0  0  0  15  16  0 
 0  0  0  0  0  0  21  0  0  0 
 3  11  0  0  0  0  27  0  0  0 
 4  0  0  0  0  0  0  0  0  35 
 5  0  0  0  0  0  0  0  0  0 
 0  0  21  27  0  0  0  0  0  0 
 0  15  0  0  0  0  0  0  0  0 
 0  16  0  0  0  0  0  0  0  0 
 0  0  0  0  35  0  0  0  0  0 

(6, 2) (3, 6) (1, 3) (0, 3) (5, 0) (4, 0) (7, 1) (8, 1) (9, 4) Waga: 137

 0  1  0  0  0  0  0  0  8  0 
 1  0  0  0  12  0  14  15  0  17 
 0  0  0  0  0  20  0  0  0  24 
 0  0  0  0  0  0  27  0  0  0 
 0  12  0  0  0  0  0  0  0  0 
 0  0  20  0  0  0  0  0  0  0 
 0  14  0  27  0  0  0  0  0  0 
 0  15  0  0  0  0  0  0  0  0 
 8  0  0  0  0  0  0  0  0  0 
 0  17  24  0  0  0  0  0  0  0 

(8, 0) (1, 0) (9, 1) (7, 1) (2, 9) (6, 1) (4, 1) (5, 2) (3, 6) Waga: 138

 0  1  0  0  0  5  0  0  0  9 
 1  0  0  11  12  0  0  0  0  0 
 0  0  0  18  0  0  0  22  0  0 
 0  11  18  0  0  0  0  0  29  0 
 0  12  0  0  0  0  32  0  0  0 
 5  0  0  0  0  0  0  0  0  0 
 0  0  0  0  32  0  0  0  0  0 
 0  0  22  0  0  0  0  0  0  0 
 0  0  0  29  0  0  0  0  0  0 
 9  0  0  0  0  0  0  0  0  0 

(1, 3) (0, 1) (4, 1) (8, 3) (2, 3) (7, 2) (9, 0) (6, 4) (5, 0) Waga: 139

 0  0  0  3  4  5  6  0  8  0 
 0  0  0  0  0  0  0  0  16  0 
 0  0  0  0  0  0  0  22  0  0 
 3  0  0  0  0  0  0  0  0  0 
 4  0  0  0  0  0  0  0  0  35 
 5  0  0  0  0  0  0  0  0  0 
 6  0  0  0  0  0  0  0  0  0 
 0  0  22  0  0  0  0  0  43  0 
 8  16  0  0  0  0  0  43  0  0 
 0  0  0  0  35  0  0  0  0  0 

(3, 0) (4, 0) (9, 4) (5, 0) (8, 0) (7, 8) (6, 0) (2, 7) (1, 8) Waga: 142

 0  0  0  0  0  5  0  7  0  9 
 0  0  0  11  0  0  14  0  0  0 
 0  0  0  0  19  0  21  0  0  24 
 0  11  0  0  0  0  0  0  0  0 
 0  0  19  0  0  0  0  0  34  0 
 5  0  0  0  0  0  0  0  0  0 
 0  14  21  0  0  0  0  0  0  0 
 7  0  0  0  0  0  0  0  0  0 
 0  0  0  0  34  0  0  0  0  0 
 9  0  24  0  0  0  0  0  0  0 

(9, 2) (6, 2) (0, 9) (1, 6) (4, 2) (3, 1) (7, 0) (5, 0) (8, 4) Waga: 144

 0  1  0  0  0  0  6  0  8  9 
 1  0  10  0  12  0  0  0  0  0 
 0  10  0  0  0  0  0  0  0  0 
 0  0  0  0  0  0  0  28  0  0 
 0  12  0  0  0  0  0  0  0  0 
 0  0  0  0  0  0  0  0  38  0 
 6  0  0  0  0  0  0  40  0  0 
 0  0  0  28  0  0  40  0  0  0 
 8  0  0  0  0  38  0  0  0  0 
 9  0  0  0  0  0  0  0  0  0 

(0, 8) (6, 0) (1, 0) (4, 1) (9, 0) (7, 6) (5, 8) (2, 1) (3, 7) Waga: 152

 0  0  0  0  0  0  6  0  0  9 
 0  0  0  0  12  0  0  0  0  0 
 0  0  0  18  19  20  0  22  23  24 
 0  0  18  0  0  0  0  0  0  0 
 0  12  19  0  0  0  0  0  0  0 
 0  0  20  0  0  0  0  0  0  0 
 6  0  0  0  0  0  0  0  0  0 
 0  0  22  0  0  0  0  0  0  0 
 0  0  23  0  0  0  0  0  0  0 
 9  0  24  0  0  0  0  0  0  0 

(7, 2) (9, 2) (3, 2) (0, 9) (4, 2) (1, 4) (6, 0) (5, 2) (8, 2) Waga: 153

 0  0  2  0  0  5  0  0  0  0 
 0  0  10  0  0  0  0  0  0  17 
 2  10  0  0  19  0  0  22  23  0 
 0  0  0  0  0  0  27  0  29  0 
 0  0  19  0  0  0  0  0  0  0 
 5  0  0  0  0  0  0  0  0  0 
 0  0  0  27  0  0  0  0  0  0 
 0  0  22  0  0  0  0  0  0  0 
 0  0  23  29  0  0  0  0  0  0 
 0  17  0  0  0  0  0  0  0  0 

(2, 1) (8, 2) (0, 2) (3, 8) (6, 3) (7, 2) (4, 2) (5, 0) (9, 1) Waga: 154

 0  0  0  0  0  5  0  0  8  9 
 0  0  10  11  0  13  0  0  0  0 
 0  10  0  0  0  0  0  0  0  0 
 0  11  0  0  0  0  0  0  0  0 
 0  0  0  0  0  31  32  0  0  0 
 5  13  0  0  31  0  0  0  0  0 
 0  0  0  0  32  0  0  0  0  0 
 0  0  0  0  0  0  0  0  43  0 
 8  0  0  0  0  0  0  43  0  0 
 9  0  0  0  0  0  0  0  0  0 

(5, 0) (4, 5) (8, 0) (7, 8) (6, 4) (1, 5) (3, 1) (9, 0) (2, 1) Waga: 162

 0  1  0  0  0  0  0  0  0  0 
 1  0  10  0  0  13  14  0  16  0 
 0  10  0  0  0  0  0  22  0  24 
 0  0  0  0  0  0  0  0  29  0 
 0  0  0  0  0  0  0  0  34  0 
 0  13  0  0  0  0  0  0  0  0 
 0  14  0  0  0  0  0  0  0  0 
 0  0  22  0  0  0  0  0  0  0 
 0  16  0  29  34  0  0  0  0  0 
 0  0  24  0  0  0  0  0  0  0 

(8, 1) (3, 8) (2, 1) (6, 1) (7, 2) (0, 1) (9, 2) (4, 8) (5, 1) Waga: 163

 0  1  0  0  0  0  0  0  0  9 
 1  0  0  11  0  13  0  0  16  0 
 0  0  0  18  19  0  0  0  0  0 
 0  11  18  0  0  0  0  0  0  0 
 0  0  19  0  0  0  0  0  0  0 
 0  13  0  0  0  0  36  0  0  0 
 0  0  0  0  0  36  0  0  0  0 
 0  0  0  0  0  0  0  0  0  44 
 0  16  0  0  0  0  0  0  0  0 
 9  0  0  0  0  0  0  44  0  0 

(9, 0) (1, 0) (5, 1) (7, 9) (8, 1) (3, 1) (6, 5) (2, 3) (4, 2) Waga: 167

 0  1  2  0  0  0  6  7  0  0 
 1  0  0  0  0  0  0  0  0  0 
 2  0  0  18  0  0  0  0  0  24 
 0  0  18  0  0  0  0  0  0  0 
 0  0  0  0  0  0  0  33  0  0 
 0  0  0  0  0  0  36  0  0  0 
 6  0  0  0  0  36  0  0  41  0 
 7  0  0  0  33  0  0  0  0  0 
 0  0  0  0  0  0  41  0  0  0 
 0  0  24  0  0  0  0  0  0  0 

(7, 0) (6, 0) (5, 6) (2, 0) (4, 7) (8, 6) (3, 2) (1, 0) (9, 2) Waga: 168

 0  1  0  3  0  0  0  0  0  9 
 1  0  0  0  0  13  0  0  0  0 
 0  0  0  18  0  0  0  0  0  0 
 3  0  18  0  25  0  27  0  29  0 
 0  0  0  25  0  0  0  0  0  0 
 0  13  0  0  0  0  0  0  0  0 
 0  0  0  27  0  0  0  0  0  0 
 0  0  0  0  0  0  0  0  43  0 
 0  0  0  29  0  0  0  43  0  0 
 9  0  0  0  0  0  0  0  0  0 

(8, 3) (0, 3) (9, 0) (1, 0) (5, 1) (4, 3) (2, 3) (6, 3) (7, 8) Waga: 168

 0  0  2  0  4  0  6  7  0  0 
 0  0  0  0  0  13  0  0  0  0 
 2  0  0  0  0  0  0  0  0  0 
 0  0  0  0  0  26  0  0  0  0 
 4  0  0  0  0  0  0  0  0  35 
 0  13  0  26  0  0  0  0  38  39 
 6  0  0  0  0  0  0  0  0  0 
 7  0  0  0  0  0  0  0  0  0 
 0  0  0  0  0  38  0  0  0  0 
 0  0  0  0  35  39  0  0  0  0 

(4, 9) (0, 4) (5, 9) (7, 0) (2, 0) (8, 5) (1, 5) (6, 0) (3, 5) Waga: 170

 0  0  2  3  0  0  6  7  0  0 
 0  0  0  0  0  13  0  0  0  0 
 2  0  0  0  0  0  0  0  0  24 
 3  0  0  0  0  0  0  0  0  0 
 0  0  0  0  0  0  0  0  0  35 
 0  13  0  0  0  0  0  0  0  39 
 6  0  0  0  0  0  0  0  0  0 
 7  0  0  0  0  0  0  0  43  0 
 0  0  0  0  0  0  0  43  0  0 
 0  0  24  0  35  39  0  0  0  0 

(1, 5) (9, 5) (2, 9) (0, 2) (4, 9) (7, 0) (3, 0) (6, 0) (8, 7) Waga: 172

 0  1  0  3  0  0  0  0  8  0 
 1  0  0  0  0  0  0  0  0  0 
 0  0  0  0  19  0  0  22  23  0 
 3  0  0  0  0  26  0  0  0  30 
 0  0  19  0  0  0  0  0  0  0 
 0  0  0  26  0  0  0  0  0  0 
 0  0  0  0  0  0  0  0  41  0 
 0  0  22  0  0  0  0  0  0  0 
 8  0  23  0  0  0  41  0  0  0 
 0  0  0  30  0  0  0  0  0  0 

(0, 8) (3, 0) (2, 8) (6, 8) (9, 3) (1, 0) (4, 2) (7, 2) (5, 3) Waga: 173

 0  1  0  0  0  0  6  0  0  0 
 1  0  0  0  0  13  0  15  0  0 
 0  0  0  0  19  0  0  0  0  24 
 0  0  0  0  0  26  0  0  0  0 
 0  0  19  0  0  31  0  0  0  0 
 0  13  0  26  31  0  0  0  38  0 
 6  0  0  0  0  0  0  0  0  0 
 0  15  0  0  0  0  0  0  0  0 
 0  0  0  0  0  38  0  0  0  0 
 0  0  24  0  0  0  0  0  0  0 

(5, 8) (1, 5) (0, 1) (7, 1) (4, 5) (2, 4) (9, 2) (3, 5) (6, 0) Waga: 173

 0  0  2  3  0  0  0  0  0  0 
 0  0  0  11  0  13  0  0  0  0 
 2  0  0  0  0  0  21  0  0  0 
 3  11  0  0  0  0  0  28  29  0 
 0  0  0  0  0  0  0  33  0  0 
 0  13  0  0  0  0  0  0  0  39 
 0  0  21  0  0  0  0  0  0  0 
 0  0  0  28  33  0  0  0  0  0 
 0  0  0  29  0  0  0  0  0  0 
 0  0  0  0  0  39  0  0  0  0 

(3, 7) (0, 3) (1, 3) (2, 0) (5, 1) (9, 5) (6, 2) (4, 7) (8, 3) Waga: 179

 0  1  0  0  0  0  0  0  0  9 
 1  0  0  11  0  0  0  0  0  0 
 0  0  0  0  19  0  0  0  23  0 
 0  11  0  0  25  26  0  0  0  0 
 0  0  19  25  0  0  32  33  0  0 
 0  0  0  26  0  0  0  0  0  0 
 0  0  0  0  32  0  0  0  0  0 
 0  0  0  0  33  0  0  0  0  0 
 0  0  23  0  0  0  0  0  0  0 
 9  0  0  0  0  0  0  0  0  0 

(3, 4) (6, 4) (5, 3) (2, 4) (7, 4) (1, 3) (0, 1) (8, 2) (9, 0) Waga: 179

 0  0  0  0  0  5  6  0  0  9 
 0  0  0  11  0  0  0  0  0  0 
 0  0  0  18  0  0  0  0  0  0 
 0  11  18  0  25  0  0  0  0  0 
 0  0  0  25  0  31  0  0  0  0 
 5  0  0  0  31  0  0  37  38  0 
 6  0  0  0  0  0  0  0  0  0 
 0  0  0  0  0  37  0  0  0  0 
 0  0  0  0  0  38  0  0  0  0 
 9  0  0  0  0  0  0  0  0  0 

(5, 4) (3, 4) (2, 3) (1, 3) (8, 5) (7, 5) (0, 5) (9, 0) (6, 0) Waga: 180

 0  0  2  0  0  0  0  0  0  0 
 0  0  0  11  12  0  0  0  0  0 
 2  0  0  18  0  20  21  0  0  0 
 0  11  18  0  0  0  0  28  0  30 
 0  12  0  0  0  0  0  0  0  0 
 0  0  20  0  0  0  0  0  38  0 
 0  0  21  0  0  0  0  0  0  0 
 0  0  0  28  0  0  0  0  0  0 
 0  0  0  0  0  38  0  0  0  0 
 0  0  0  30  0  0  0  0  0  0 

(2, 3) (6, 2) (1, 3) (5, 2) (7, 3) (4, 1) (0, 2) (8, 5) (9, 3) Waga: 180

 0  1  2  0  0  5  0  0  0  0 
 1  0  0  0  0  0  0  0  16  17 
 2  0  0  0  0  0  0  0  0  0 
 0  0  0  0  25  0  0  0  29  0 
 0  0  0  25  0  0  0  0  0  0 
 5  0  0  0  0  0  0  0  0  0 
 0  0  0  0  0  0  0  0  0  42 
 0  0  0  0  0  0  0  0  43  0 
 0  16  0  29  0  0  0  43  0  0 
 0  17  0  0  0  0  42  0  0  0 

(3, 8) (1, 8) (4, 3) (9, 1) (7, 8) (6, 9) (0, 1) (2, 0) (5, 0) Waga: 180

 0  1  2  0  0  0  0  0  0  0 
 1  0  0  0  12  13  14  0  0  0 
 2  0  0  0  0  0  0  0  23  0 
 0  0  0  0  0  0  0  0  0  30 
 0  12  0  0  0  0  0  0  0  0 
 0  13  0  0  0  0  0  0  0  0 
 0  14  0  0  0  0  0  0  0  42 
 0  0  0  0  0  0  0  0  0  44 
 0  0  23  0  0  0  0  0  0  0 
 0  0  0  30  0  0  42  44  0  0 

(0, 1) (4, 1) (6, 1) (9, 6) (2, 0) (5, 1) (3, 9) (7, 9) (8, 2) Waga: 181

 0  0  0  3  4  0  0  0  8  9 
 0  0  0  0  0  0  0  0  0  17 
 0  0  0  18  0  0  0  0  0  0 
 3  0  18  0  0  0  0  0  0  0 
 4  0  0  0  0  0  0  0  0  0 
 0  0  0  0  0  0  0  0  38  0 
 0  0  0  0  0  0  0  0  41  0 
 0  0  0  0  0  0  0  0  43  0 
 8  0  0  0  0  38  41  43  0  0 
 9  17  0  0  0  0  0  0  0  0 

(9, 0) (8, 0) (5, 8) (3, 0) (4, 0) (6, 8) (2, 3) (1, 9) (7, 8) Waga: 181

 0  0  0  3  4  0  6  0  0  0 
 0  0  0  0  0  0  0  15  0  0 
 0  0  0  0  0  0  21  0  0  0 
 3  0  0  0  0  0  0  0  0  30 
 4  0  0  0  0  0  0  33  34  0 
 0  0  0  0  0  0  0  0  38  0 
 6  0  21  0  0  0  0  0  0  0 
 0  15  0  0  33  0  0  0  0  0 
 0  0  0  0  34  38  0  0  0  0 
 0  0  0  30  0  0  0  0  0  0 

(4, 0) (7, 4) (6, 0) (3, 0) (8, 4) (9, 3) (5, 8) (2, 6) (1, 7) Waga: 184

 0  0  0  0  0  0  0  0  0  9 
 0  0  10  11  0  0  0  0  16  0 
 0  10  0  0  0  20  21  22  0  0 
 0  11  0  0  0  0  0  0  0  0 
 0  0  0  0  0  31  0  0  0  0 
 0  0  20  0  31  0  0  0  0  0 
 0  0  21  0  0  0  0  0  0  0 
 0  0  22  0  0  0  0  0  0  44 
 0  16  0  0  0  0  0  0  0  0 
 9  0  0  0  0  0  0  44  0  0 

(5, 2) (4, 5) (1, 2) (7, 2) (3, 1) (9, 7) (6, 2) (0, 9) (8, 1) Waga: 184

 0  0  0  0  0  5  0  0  8  0 
 0  0  0  0  0  0  0  15  0  0 
 0  0  0  18  0  0  0  22  0  0 
 0  0  18  0  25  26  0  0  0  30 
 0  0  0  25  0  0  0  0  0  0 
 5  0  0  26  0  0  36  0  0  0 
 0  0  0  0  0  36  0  0  0  0 
 0  15  22  0  0  0  0  0  0  0 
 8  0  0  0  0  0  0  0  0  0 
 0  0  0  30  0  0  0  0  0  0 

(3, 9) (2, 3) (5, 3) (6, 5) (7, 2) (1, 7) (0, 5) (8, 0) (4, 3) Waga: 185

 0  1  0  0  4  0  0  0  8  0 
 1  0  0  0  0  0  0  0  0  0 
 0  0  0  0  0  20  0  0  0  24 
 0  0  0  0  0  0  0  28  0  0 
 4  0  0  0  0  31  32  0  0  0 
 0  0  20  0  31  0  0  37  0  0 
 0  0  0  0  32  0  0  0  0  0 
 0  0  0  28  0  37  0  0  0  0 
 8  0  0  0  0  0  0  0  0  0 
 0  0  24  0  0  0  0  0  0  0 

(4, 5) (2, 5) (0, 4) (7, 5) (8, 0) (1, 0) (9, 2) (3, 7) (6, 4) Waga: 185

 0  1  2  0  0  0  0  0  0  0 
 1  0  0  0  0  0  0  0  0  0 
 2  0  0  18  0  0  0  0  23  0 
 0  0  18  0  25  26  0  28  0  30 
 0  0  0  25  0  0  32  0  0  0 
 0  0  0  26  0  0  0  0  0  0 
 0  0  0  0  32  0  0  0  0  0 
 0  0  0  28  0  0  0  0  0  0 
 0  0  23  0  0  0  0  0  0  0 
 0  0  0  30  0  0  0  0  0  0 

(2, 3) (7, 3) (4, 3) (5, 3) (0, 2) (9, 3) (1, 0) (8, 2) (6, 4) Waga: 185

 0  0  2  0  0  0  0  0  0  0 
 0  0  0  11  0  0  0  0  0  17 
 2  0  0  0  19  0  0  0  23  24 
 0  11  0  0  0  26  27  0  0  0 
 0  0  19  0  0  0  0  0  0  0 
 0  0  0  26  0  0  0  37  0  0 
 0  0  0  27  0  0  0  0  0  0 
 0  0  0  0  0  37  0  0  0  0 
 0  0  23  0  0  0  0  0  0  0 
 0  17  24  0  0  0  0  0  0  0 

(9, 1) (2, 9) (3, 1) (0, 2) (8, 2) (5, 3) (6, 3) (4, 2) (7, 5) Waga: 186

 0  1  0  0  0  0  0  0  0  0 
 1  0  0  0  12  13  14  0  0  0 
 0  0  0  0  0  0  0  0  23  24 
 0  0  0  0  25  0  0  0  0  0 
 0  12  0  25  0  0  0  0  34  0 
 0  13  0  0  0  0  0  0  0  0 
 0  14  0  0  0  0  0  40  0  0 
 0  0  0  0  0  0  40  0  0  0 
 0  0  23  0  34  0  0  0  0  0 
 0  0  24  0  0  0  0  0  0  0 

(1, 4) (8, 4) (6, 1) (2, 8) (5, 1) (7, 6) (3, 4) (0, 1) (9, 2) Waga: 186

 0  0  0  3  0  0  0  0  0  0 
 0  0  0  0  12  13  14  0  0  0 
 0  0  0  18  0  20  0  0  0  0 
 3  0  18  0  0  0  0  0  0  0 
 0  12  0  0  0  0  0  33  34  0 
 0  13  20  0  0  0  0  0  0  39 
 0  14  0  0  0  0  0  0  0  0 
 0  0  0  0  33  0  0  0  0  0 
 0  0  0  0  34  0  0  0  0  0 
 0  0  0  0  0  39  0  0  0  0 

(2, 5) (1, 5) (9, 5) (4, 1) (8, 4) (7, 4) (3, 2) (6, 1) (0, 3) Waga: 186

 0  0  2  0  4  0  6  0  0  0 
 0  0  0  0  0  0  14  0  0  0 
 2  0  0  0  0  0  0  0  23  0 
 0  0  0  0  0  0  0  0  29  0 
 4  0  0  0  0  31  0  0  0  0 
 0  0  0  0  31  0  0  37  0  0 
 6  14  0  0  0  0  0  0  0  42 
 0  0  0  0  0  37  0  0  0  0 
 0  0  23  29  0  0  0  0  0  0 
 0  0  0  0  0  0  42  0  0  0 

(4, 0) (2, 0) (5, 4) (8, 2) (6, 0) (9, 6) (1, 6) (3, 8) (7, 5) Waga: 188

 0  0  0  0  0  5  0  0  0  0 
 0  0  0  0  12  0  14  0  16  0 
 0  0  0  0  0  0  0  22  0  0 
 0  0  0  0  25  0  0  28  0  0 
 0  12  0  25  0  31  0  0  0  35 
 5  0  0  0  31  0  0  0  0  0 
 0  14  0  0  0  0  0  0  0  0 
 0  0  22  28  0  0  0  0  0  0 
 0  16  0  0  0  0  0  0  0  0 
 0  0  0  0  35  0  0  0  0  0 

(6, 1) (8, 1) (4, 1) (9, 4) (5, 4) (0, 5) (3, 4) (7, 3) (2, 7) Waga: 188

 0  0  0  3  4  0  0  0  0  0 
 0  0  0  0  0  13  0  0  16  0 
 0  0  0  0  0  0  0  0  23  0 
 3  0  0  0  0  0  27  0  29  30 
 4  0  0  0  0  0  0  0  0  0 
 0  13  0  0  0  0  0  0  0  0 
 0  0  0  27  0  0  0  0  0  0 
 0  0  0  0  0  0  0  0  43  0 
 0  16  23  29  0  0  0  43  0  0 
 0  0  0  30  0  0  0  0  0  0 

(8, 3) (0, 3) (2, 8) (7, 8) (4, 0) (9, 3) (6, 3) (1, 8) (5, 1) Waga: 188

 0  0  0  3  0  5  0  0  0  0 
 0  0  10  0  0  0  0  0  16  0 
 0  10  0  0  0  0  0  22  0  0 
 3  0  0  0  0  0  0  28  0  30 
 0  0  0  0  0  0  0  33  0  0 
 5  0  0  0  0  0  0  0  0  0 
 0  0  0  0  0  0  0  0  41  0 
 0  0  22  28  33  0  0  0  0  0 
 0  16  0  0  0  0  41  0  0  0 
 0  0  0  30  0  0  0  0  0  0 

(3, 7) (9, 3) (0, 3) (4, 7) (2, 7) (1, 2) (5, 0) (8, 1) (6, 8) Waga: 188

 0  0  2  0  0  0  0  0  0  0 
 0  0  10  0  0  0  14  0  0  0 
 2  10  0  18  19  20  0  0  0  0 
 0  0  18  0  0  0  0  0  0  0 
 0  0  19  0  0  0  0  0  34  35 
 0  0  20  0  0  0  0  37  0  0 
 0  14  0  0  0  0  0  0  0  0 
 0  0  0  0  0  37  0  0  0  0 
 0  0  0  0  34  0  0  0  0  0 
 0  0  0  0  35  0  0  0  0  0 

(5, 2) (4, 2) (8, 4) (1, 2) (3, 2) (7, 5) (0, 2) (9, 4) (6, 1) Waga: 189

 0  1  0  0  0  0  6  0  0  0 
 1  0  0  0  0  0  0  15  16  0 
 0  0  0  0  0  0  0  0  23  0 
 0  0  0  0  0  0  0  0  0  30 
 0  0  0  0  0  31  0  33  0  35 
 0  0  0  0  31  0  0  0  0  0 
 6  0  0  0  0  0  0  0  0  0 
 0  15  0  0  33  0  0  0  0  0 
 0  16  23  0  0  0  0  0  0  0 
 0  0  0  30  35  0  0  0  0  0 

(8, 1) (2, 8) (7, 1) (4, 7) (0, 1) (6, 0) (9, 4) (3, 9) (5, 4) Waga: 190

 0  0  0  0  0  5  0  7  0  0 
 0  0  0  0  0  13  0  0  0  17 
 0  0  0  18  19  0  0  0  0  0 
 0  0  18  0  0  0  0  0  0  0 
 0  0  19  0  0  31  0  0  0  0 
 5  13  0  0  31  0  0  0  38  0 
 0  0  0  0  0  0  0  0  0  42 
 7  0  0  0  0  0  0  0  0  0 
 0  0  0  0  0  38  0  0  0  0 
 0  17  0  0  0  0  42  0  0  0 

(5, 0) (4, 5) (1, 5) (8, 5) (2, 4) (9, 1) (7, 0) (3, 2) (6, 9) Waga: 190

 0  0  0  3  0  5  0  0  0  0 
 0  0  10  0  0  13  0  15  0  0 
 0  10  0  0  0  0  0  0  0  0 
 3  0  0  0  0  0  0  0  0  0 
 0  0  0  0  0  0  32  0  34  0 
 5  13  0  0  0  0  0  0  38  0 
 0  0  0  0  32  0  0  0  0  0 
 0  15  0  0  0  0  0  0  0  44 
 0  0  0  0  34  38  0  0  0  0 
 0  0  0  0  0  0  0  44  0  0 

(1, 7) (5, 1) (2, 1) (0, 5) (3, 0) (8, 5) (9, 7) (4, 8) (6, 4) Waga: 194

 0  0  0  3  0  0  6  0  8  0 
 0  0  0  0  0  0  0  0  16  0 
 0  0  0  18  19  0  0  0  0  0 
 3  0  18  0  0  0  0  0  0  0 
 0  0  19  0  0  0  0  0  0  0 
 0  0  0  0  0  0  0  0  38  0 
 6  0  0  0  0  0  0  0  0  0 
 0  0  0  0  0  0  0  0  43  44 
 8  16  0  0  0  38  0  43  0  0 
 0  0  0  0  0  0  0  44  0  0 

(8, 0) (7, 8) (9, 7) (3, 0) (6, 0) (1, 8) (2, 3) (4, 2) (5, 8) Waga: 195

 0  0  0  3  0  0  0  0  8  0 
 0  0  0  0  12  0  0  0  0  0 
 0  0  0  0  0  20  21  0  0  0 
 3  0  0  0  0  0  27  0  0  30 
 0  12  0  0  0  0  32  0  0  0 
 0  0  20  0  0  0  0  0  0  0 
 0  0  21  27  32  0  0  0  0  0 
 0  0  0  0  0  0  0  0  0  44 
 8  0  0  0  0  0  0  0  0  0 
 0  0  0  30  0  0  0  44  0  0 

(6, 3) (4, 6) (9, 3) (0, 3) (8, 0) (2, 6) (7, 9) (1, 4) (5, 2) Waga: 197

 0  0  0  3  0  5  0  0  0  0 
 0  0  10  0  12  0  0  0  0  0 
 0  10  0  0  0  0  0  0  0  0 
 3  0  0  0  25  0  0  0  0  0 
 0  12  0  25  0  0  32  0  0  35 
 5  0  0  0  0  0  0  37  38  0 
 0  0  0  0  32  0  0  0  0  0 
 0  0  0  0  0  37  0  0  0  0 
 0  0  0  0  0  38  0  0  0  0 
 0  0  0  0  35  0  0  0  0  0 

(6, 4) (3, 4) (0, 3) (5, 0) (8, 5) (1, 4) (2, 1) (9, 4) (7, 5) Waga: 197

 0  0  0  0  0  0  0  0  8  0 
 0  0  0  11  0  0  0  0  16  17 
 0  0  0  0  0  20  0  22  0  0 
 0  11  0  0  0  0  0  0  0  0 
 0  0  0  0  0  31  0  0  0  0 
 0  0  20  0  31  0  36  0  38  0 
 0  0  0  0  0  36  0  0  0  0 
 0  0  22  0  0  0  0  0  0  0 
 8  16  0  0  0  38  0  0  0  0 
 0  17  0  0  0  0  0  0  0  0 

(5, 8) (2, 5) (1, 8) (9, 1) (6, 5) (0, 8) (4, 5) (7, 2) (3, 1) Waga: 199

 0  0  0  0  0  0  0  0  0  9 
 0  0  0  0  12  13  14  0  0  0 
 0  0  0  0  0  20  0  0  23  0 
 0  0  0  0  0  0  27  0  0  0 
 0  12  0  0  0  0  0  0  0  0 
 0  13  20  0  0  0  0  0  0  39 
 0  14  0  27  0  0  0  0  0  0 
 0  0  0  0  0  0  0  0  43  0 
 0  0  23  0  0  0  0  43  0  0 
 9  0  0  0  0  39  0  0  0  0 

(5, 1) (9, 5) (4, 1) (2, 5) (8, 2) (6, 1) (3, 6) (7, 8) (0, 9) Waga: 200

 0  0  0  0  0  5  0  0  8  9 
 0  0  0  0  0  13  0  0  0  0 
 0  0  0  0  19  0  0  0  0  0 
 0  0  0  0  0  26  0  0  0  0 
 0  0  19  0  0  0  0  0  34  0 
 5  13  0  26  0  0  0  0  0  0 
 0  0  0  0  0  0  0  0  0  42 
 0  0  0  0  0  0  0  0  0  44 
 8  0  0  0  34  0  0  0  0  0 
 9  0  0  0  0  0  42  44  0  0 

(8, 4) (2, 4) (0, 8) (5, 0) (1, 5) (9, 0) (3, 5) (6, 9) (7, 9) Waga: 200

 0  0  0  0  0  5  6  0  0  0 
 0  0  0  0  0  13  0  0  16  0 
 0  0  0  18  0  0  0  0  0  0 
 0  0  18  0  0  26  0  0  0  0 
 0  0  0  0  0  0  0  33  0  0 
 5  13  0  26  0  0  0  0  0  39 
 6  0  0  0  0  0  0  0  0  0 
 0  0  0  0  33  0  0  0  0  44 
 0  16  0  0  0  0  0  0  0  0 
 0  0  0  0  0  39  0  44  0  0 

(5, 3) (1, 5) (9, 5) (0, 5) (8, 1) (7, 9) (6, 0) (2, 3) (4, 7) Waga: 200

 0  0  0  0  4  5  0  0  0  0 
 0  0  0  11  0  0  0  0  0  0 
 0  0  0  0  0  0  0  0  23  0 
 0  11  0  0  0  26  0  28  29  0 
 4  0  0  0  0  0  0  0  0  0 
 5  0  0  26  0  0  36  0  0  39 
 0  0  0  0  0  36  0  0  0  0 
 0  0  0  28  0  0  0  0  0  0 
 0  0  23  29  0  0  0  0  0  0 
 0  0  0  0  0  39  0  0  0  0 

(3, 8) (5, 3) (0, 5) (6, 5) (1, 3) (9, 5) (2, 8) (4, 0) (7, 3) Waga: 201

 0  0  0  0  0  0  0  7  0  0 
 0  0  0  11  0  0  14  15  0  0 
 0  0  0  0  0  20  0  22  0  0 
 0  11  0  0  0  0  0  0  0  0 
 0  0  0  0  0  31  0  0  0  0 
 0  0  20  0  31  0  0  0  0  39 
 0  14  0  0  0  0  0  0  0  0 
 7  15  22  0  0  0  0  0  43  0 
 0  0  0  0  0  0  0  43  0  0 
 0  0  0  0  0  39  0  0  0  0 

(1, 7) (0, 7) (2, 7) (8, 7) (3, 1) (6, 1) (5, 2) (4, 5) (9, 5) Waga: 202

 0  1  0  0  0  0  6  0  0  0 
 1  0  10  0  0  0  0  15  0  0 
 0  10  0  0  0  0  0  0  0  0 
 0  0  0  0  0  26  0  0  0  0 
 0  0  0  0  0  31  0  0  0  0 
 0  0  0  26  31  0  36  0  38  39 
 6  0  0  0  0  36  0  0  0  0 
 0  15  0  0  0  0  0  0  0  0 
 0  0  0  0  0  38  0  0  0  0 
 0  0  0  0  0  39  0  0  0  0 

(4, 5) (6, 5) (0, 6) (1, 0) (7, 1) (9, 5) (2, 1) (3, 5) (8, 5) Waga: 202

 0  0  0  0  0  0  0  7  0  9 
 0  0  0  11  0  0  14  0  0  0 
 0  0  0  18  0  0  0  0  0  0 
 0  11  18  0  0  0  0  0  0  30 
 0  0  0  0  0  31  0  0  0  0 
 0  0  0  0  31  0  0  0  0  39 
 0  14  0  0  0  0  0  0  0  0 
 7  0  0  0  0  0  0  0  0  0 
 0  0  0  0  0  0  0  0  0  45 
 9  0  0  30  0  39  0  0  45  0 

(9, 3) (1, 3) (2, 3) (5, 9) (4, 5) (8, 9) (0, 9) (6, 1) (7, 0) Waga: 204

 0  0  0  0  0  5  0  0  0  0 
 0  0  0  11  12  0  14  0  0  0 
 0  0  0  0  0  0  0  22  0  24 
 0  11  0  0  0  0  0  0  0  0 
 0  12  0  0  0  0  0  0  0  0 
 5  0  0  0  0  0  36  0  0  0 
 0  14  0  0  0  36  0  0  41  42 
 0  0  22  0  0  0  0  0  0  0 
 0  0  0  0  0  0  41  0  0  0 
 0  0  24  0  0  0  42  0  0  0 

(6, 5) (9, 6) (1, 6) (3, 1) (0, 5) (8, 6) (4, 1) (2, 9) (7, 2) Waga: 207

 0  1  2  0  0  0  0  0  0  0 
 1  0  0  0  0  0  0  0  0  0 
 2  0  0  18  0  0  0  22  0  0 
 0  0  18  0  0  0  27  0  29  0 
 0  0  0  0  0  0  0  0  0  35 
 0  0  0  0  0  0  0  0  38  39 
 0  0  0  27  0  0  0  0  0  0 
 0  0  22  0  0  0  0  0  0  0 
 0  0  0  29  0  38  0  0  0  0 
 0  0  0  0  35  39  0  0  0  0 

(3, 2) (8, 3) (0, 2) (5, 8) (9, 5) (7, 2) (6, 3) (4, 9) (1, 0) Waga: 211

 0  0  0  0  0  0  0  0  8  0 
 0  0  0  11  0  0  0  0  0  0 
 0  0  0  0  0  0  0  22  0  0 
 0  11  0  0  25  26  27  28  29  0 
 0  0  0  25  0  0  0  0  0  35 
 0  0  0  26  0  0  0  0  0  0 
 0  0  0  27  0  0  0  0  0  0 
 0  0  22  28  0  0  0  0  0  0 
 8  0  0  29  0  0  0  0  0  0 
 0  0  0  0  35  0  0  0  0  0 

(7, 3) (8, 3) (5, 3) (4, 3) (2, 7) (1, 3) (0, 8) (9, 4) (6, 3) Waga: 211

 0  0  0  0  0  0  0  7  0  0 
 0  0  10  0  0  0  0  0  0  17 
 0  10  0  0  0  20  0  0  23  0 
 0  0  0  0  0  26  0  0  0  0 
 0  0  0  0  0  31  0  0  0  0 
 0  0  20  26  31  0  0  37  0  0 
 0  0  0  0  0  0  0  0  41  0 
 7  0  0  0  0  37  0  0  0  0 
 0  0  23  0  0  0  41  0  0  0 
 0  17  0  0  0  0  0  0  0  0 

(5, 2) (1, 2) (8, 2) (3, 5) (7, 5) (6, 8) (4, 5) (0, 7) (9, 1) Waga: 212

 0  0  0  0  0  0  0  0  8  0 
 0  0  10  0  0  0  14  15  0  0 
 0  10  0  0  0  0  0  0  0  0 
 0  0  0  0  0  0  27  0  0  0 
 0  0  0  0  0  31  0  0  0  35 
 0  0  0  0  31  0  36  0  38  0 
 0  14  0  27  0  36  0  0  0  0 
 0  15  0  0  0  0  0  0  0  0 
 8  0  0  0  0  38  0  0  0  0 
 0  0  0  0  35  0  0  0  0  0 

(5, 6) (1, 6) (8, 5) (0, 8) (7, 1) (3, 6) (4, 5) (2, 1) (9, 4) Waga: 214

 0  0  0  0  4  0  0  7  0  0 
 0  0  0  0  0  0  0  15  0  17 
 0  0  0  0  0  0  0  0  23  0 
 0  0  0  0  0  0  0  28  0  0 
 4  0  0  0  0  0  0  0  0  0 
 0  0  0  0  0  0  36  0  0  0 
 0  0  0  0  0  36  0  0  41  0 
 7  15  0  28  0  0  0  0  43  0 
 0  0  23  0  0  0  41  43  0  0 
 0  17  0  0  0  0  0  0  0  0 

(1, 7) (9, 1) (8, 7) (6, 8) (2, 8) (3, 7) (0, 7) (5, 6) (4, 0) Waga: 214

 0  0  0  0  0  0  0  0  8  9 
 0  0  0  11  0  0  0  0  0  0 
 0  0  0  0  0  20  0  0  0  0 
 0  11  0  0  0  0  0  0  29  0 
 0  0  0  0  0  31  32  0  0  0 
 0  0  20  0  31  0  0  37  38  0 
 0  0  0  0  32  0  0  0  0  0 
 0  0  0  0  0  37  0  0  0  0 
 8  0  0  29  0  38  0  0  0  0 
 9  0  0  0  0  0  0  0  0  0 

(0, 8) (3, 8) (5, 8) (1, 3) (2, 5) (4, 5) (9, 0) (6, 4) (7, 5) Waga: 215

 0  0  0  0  4  0  0  0  0  0 
 0  0  0  11  0  13  14  0  0  0 
 0  0  0  0  19  0  0  0  0  0 
 0  11  0  0  0  0  0  0  0  0 
 4  0  19  0  0  31  0  0  0  0 
 0  13  0  0  31  0  0  37  0  0 
 0  14  0  0  0  0  0  0  0  0 
 0  0  0  0  0  37  0  0  43  44 
 0  0  0  0  0  0  0  43  0  0 
 0  0  0  0  0  0  0  44  0  0 

(6, 1) (5, 1) (7, 5) (3, 1) (4, 5) (8, 7) (2, 4) (9, 7) (0, 4) Waga: 216

 0  0  0  0  0  5  0  0  0  0 
 0  0  0  0  0  13  0  0  0  0 
 0  0  0  18  0  0  0  0  23  0 
 0  0  18  0  0  0  27  0  0  30 
 0  0  0  0  0  31  0  33  0  0 
 5  13  0  0  31  0  36  0  0  0 
 0  0  0  27  0  36  0  0  0  0 
 0  0  0  0  33  0  0  0  0  0 
 0  0  23  0  0  0  0  0  0  0 
 0  0  0  30  0  0  0  0  0  0 

(6, 3) (2, 3) (5, 6) (1, 5) (4, 5) (9, 3) (0, 5) (7, 4) (8, 2) Waga: 216

 0  0  0  0  0  0  6  0  0  0 
 0  0  0  11  0  0  0  0  0  0 
 0  0  0  18  0  20  21  22  0  0 
 0  11  18  0  0  0  0  0  0  0 
 0  0  0  0  0  0  0  0  34  0 
 0  0  20  0  0  0  0  0  0  0 
 6  0  21  0  0  0  0  0  41  0 
 0  0  22  0  0  0  0  0  0  0 
 0  0  0  0  34  0  41  0  0  45 
 0  0  0  0  0  0  0  0  45  0 

(7, 2) (6, 2) (3, 2) (8, 6) (5, 2) (1, 3) (0, 6) (9, 8) (4, 8) Waga: 218

 0  0  0  0  0  5  0  0  0  0 
 0  0  0  0  0  13  14  0  0  0 
 0  0  0  0  0  20  0  0  0  0 
 0  0  0  0  0  0  0  28  29  0 
 0  0  0  0  0  0  0  33  0  0 
 5  13  20  0  0  0  0  37  0  39 
 0  14  0  0  0  0  0  0  0  0 
 0  0  0  28  33  37  0  0  0  0 
 0  0  0  29  0  0  0  0  0  0 
 0  0  0  0  0  39  0  0  0  0 

(5, 0) (2, 5) (7, 5) (1, 5) (9, 5) (3, 7) (8, 3) (4, 7) (6, 1) Waga: 218

 0  0  0  0  0  0  6  7  0  0 
 0  0  0  0  0  0  0  0  0  17 
 0  0  0  0  19  0  0  0  0  0 
 0  0  0  0  0  0  27  0  0  0 
 0  0  19  0  0  31  0  0  34  35 
 0  0  0  0  31  0  0  0  0  0 
 6  0  0  27  0  0  0  0  0  0 
 7  0  0  0  0  0  0  0  0  44 
 0  0  0  0  34  0  0  0  0  0 
 0  17  0  0  35  0  0  44  0  0 

(7, 9) (0, 7) (4, 9) (1, 9) (5, 4) (8, 4) (2, 4) (6, 0) (3, 6) Waga: 220

 0  1  0  0  0  5  0  0  0  0 
 1  0  0  0  0  0  14  0  0  0 
 0  0  0  0  0  0  21  0  0  0 
 0  0  0  0  25  0  0  28  0  0 
 0  0  0  25  0  0  0  0  0  0 
 5  0  0  0  0  0  0  0  0  0 
 0  14  21  0  0  0  0  0  41  42 
 0  0  0  28  0  0  0  0  43  0 
 0  0  0  0  0  0  41  43  0  0 
 0  0  0  0  0  0  42  0  0  0 

(6, 1) (0, 1) (8, 6) (5, 0) (7, 8) (2, 6) (3, 7) (4, 3) (9, 6) Waga: 220

 0  0  0  0  0  0  0  0  8  0 
 0  0  0  0  12  0  14  0  0  0 
 0  0  0  18  19  0  0  0  0  0 
 0  0  18  0  0  0  0  0  0  0 
 0  12  19  0  0  0  0  0  34  35 
 0  0  0  0  0  0  36  0  0  0 
 0  14  0  0  0  36  0  0  0  0 
 0  0  0  0  0  0  0  0  0  44 
 8  0  0  0  34  0  0  0  0  0 
 0  0  0  0  35  0  0  44  0  0 

(2, 4) (8, 4) (1, 4) (3, 2) (9, 4) (0, 8) (6, 1) (7, 9) (5, 6) Waga: 220

 0  0  0  0  0  0  0  0  8  0 
 0  0  0  0  0  13  0  0  0  0 
 0  0  0  18  0  20  0  22  0  0 
 0  0  18  0  0  0  0  0  29  0 
 0  0  0  0  0  0  0  0  34  0 
 0  13  20  0  0  0  0  0  0  39 
 0  0  0  0  0  0  0  0  41  0 
 0  0  22  0  0  0  0  0  0  0 
 8  0  0  29  34  0  41  0  0  0 
 0  0  0  0  0  39  0  0  0  0 

(0, 8) (3, 8) (2, 3) (6, 8) (7, 2) (5, 2) (4, 8) (1, 5) (9, 5) Waga: 224

 0  0  2  0  0  0  0  0  0  0 
 0  0  0  0  0  0  0  0  16  0 
 2  0  0  0  0  20  21  0  0  24 
 0  0  0  0  0  0  27  0  0  0 
 0  0  0  0  0  0  0  0  0  35 
 0  0  20  0  0  0  0  0  0  0 
 0  0  21  27  0  0  0  40  41  0 
 0  0  0  0  0  0  40  0  0  0 
 0  16  0  0  0  0  41  0  0  0 
 0  0  24  0  35  0  0  0  0  0 

(2, 6) (3, 6) (0, 2) (9, 2) (8, 6) (5, 2) (1, 8) (4, 9) (7, 6) Waga: 226

 0  1  0  0  0  0  0  0  0  0 
 1  0  10  0  0  0  0  0  0  0 
 0  10  0  0  19  20  0  0  0  24 
 0  0  0  0  0  0  0  28  0  0 
 0  0  19  0  0  0  0  0  0  0 
 0  0  20  0  0  0  36  0  0  0 
 0  0  0  0  0  36  0  0  0  0 
 0  0  0  28  0  0  0  0  0  44 
 0  0  0  0  0  0  0  0  0  45 
 0  0  24  0  0  0  0  44  45  0 

(5, 6) (2, 5) (9, 2) (4, 2) (1, 2) (0, 1) (7, 9) (3, 7) (8, 9) Waga: 227

 0  0  2  0  0  0  0  0  0  0 
 0  0  0  0  0  0  0  0  16  0 
 2  0  0  18  0  0  0  0  23  0 
 0  0  18  0  0  0  0  28  0  30 
 0  0  0  0  0  0  32  0  0  0 
 0  0  0  0  0  0  0  37  0  0 
 0  0  0  0  32  0  0  0  41  0 
 0  0  0  28  0  37  0  0  0  0 
 0  16  23  0  0  0  41  0  0  0 
 0  0  0  30  0  0  0  0  0  0 

(8, 2) (3, 2) (9, 3) (1, 8) (7, 3) (5, 7) (0, 2) (6, 8) (4, 6) Waga: 227

 0  0  0  0  0  5  0  0  0  0 
 0  0  0  0  0  0  0  0  0  17 
 0  0  0  18  0  0  0  0  0  0 
 0  0  18  0  0  26  27  28  29  0 
 0  0  0  0  0  0  0  0  34  0 
 5  0  0  26  0  0  0  0  0  0 
 0  0  0  27  0  0  0  0  0  0 
 0  0  0  28  0  0  0  0  0  0 
 0  0  0  29  34  0  0  0  0  45 
 0  17  0  0  0  0  0  0  45  0 

(9, 8) (4, 8) (3, 8) (5, 3) (6, 3) (2, 3) (1, 9) (0, 5) (7, 3) Waga: 229

 0  0  0  0  0  0  0  7  0  0 
 0  0  0  11  0  0  0  0  0  0 
 0  0  0  18  0  0  0  0  23  0 
 0  11  18  0  0  0  0  0  0  30 
 0  0  0  0  0  0  32  0  0  35 
 0  0  0  0  0  0  0  37  0  39 
 0  0  0  0  32  0  0  0  0  0 
 7  0  0  0  0  37  0  0  0  0 
 0  0  23  0  0  0  0  0  0  0 
 0  0  0  30  35  39  0  0  0  0 

(3, 9) (2, 3) (4, 9) (5, 9) (8, 2) (6, 4) (7, 5) (0, 7) (1, 3) Waga: 232

 0  1  0  0  4  0  0  0  0  0 
 1  0  0  0  0  0  0  0  16  0 
 0  0  0  0  0  0  0  0  23  0 
 0  0  0  0  0  0  0  0  0  30 
 4  0  0  0  0  0  0  0  0  0 
 0  0  0  0  0  0  36  0  38  0 
 0  0  0  0  0  36  0  0  0  42 
 0  0  0  0  0  0  0  0  43  0 
 0  16  23  0  0  38  0  43  0  0 
 0  0  0  30  0  0  42  0  0  0 

(9, 6) (5, 6) (8, 5) (1, 8) (0, 1) (7, 8) (4, 0) (3, 9) (2, 8) Waga: 233

 0  1  0  0  0  5  0  0  0  0 
 1  0  0  0  0  0  0  0  0  0 
 0  0  0  0  0  0  0  0  23  0 
 0  0  0  0  0  0  27  0  0  30 
 0  0  0  0  0  0  0  0  34  0 
 5  0  0  0  0  0  0  37  38  0 
 0  0  0  27  0  0  0  0  41  0 
 0  0  0  0  0  37  0  0  0  0 
 0  0  23  0  34  38  41  0  0  0 
 0  0  0  30  0  0  0  0  0  0 

(7, 5) (8, 5) (6, 8) (4, 8) (0, 5) (1, 0) (2, 8) (3, 6) (9, 3) Waga: 236

 0  0  0  3  0  0  0  0  0  0 
 0  0  0  0  0  13  0  0  0  0 
 0  0  0  0  0  0  21  0  0  24 
 3  0  0  0  0  0  0  0  29  0 
 0  0  0  0  0  0  32  0  0  0 
 0  13  0  0  0  0  36  0  38  0 
 0  0  21  0  32  36  0  40  0  0 
 0  0  0  0  0  0  40  0  0  0 
 0  0  0  29  0  38  0  0  0  0 
 0  0  24  0  0  0  0  0  0  0 

(5, 1) (6, 5) (2, 6) (8, 5) (9, 2) (7, 6) (4, 6) (3, 8) (0, 3) Waga: 236

 0  0  0  0  4  0  0  0  0  0 
 0  0  0  0  0  0  14  15  0  0 
 0  0  0  0  0  0  0  22  0  0 
 0  0  0  0  0  26  0  0  0  0 
 4  0  0  0  0  0  0  33  0  0 
 0  0  0  26  0  0  0  37  0  0 
 0  14  0  0  0  0  0  0  0  0 
 0  15  22  0  33  37  0  0  43  44 
 0  0  0  0  0  0  0  43  0  0 
 0  0  0  0  0  0  0  44  0  0 

(7, 4) (1, 7) (5, 7) (8, 7) (2, 7) (0, 4) (6, 1) (9, 7) (3, 5) Waga: 238

 0  0  0  3  0  0  0  0  0  0 
 0  0  0  11  0  0  0  0  0  0 
 0  0  0  18  0  0  0  0  0  0 
 3  11  18  0  0  26  0  28  0  0 
 0  0  0  0  0  0  0  0  0  35 
 0  0  0  26  0  0  36  0  0  39 
 0  0  0  0  0  36  0  0  0  0 
 0  0  0  28  0  0  0  0  43  0 
 0  0  0  0  0  0  0  43  0  0 
 0  0  0  0  35  39  0  0  0  0 

(3, 7) (5, 3) (9, 5) (1, 3) (4, 9) (8, 7) (6, 5) (2, 3) (0, 3) Waga: 239

 0  0  0  0  4  0  0  0  0  9 
 0  0  0  0  12  0  0  0  0  0 
 0  0  0  0  0  0  0  22  0  0 
 0  0  0  0  0  0  27  0  0  0 
 4  12  0  0  0  0  0  0  0  0 
 0  0  0  0  0  0  0  0  0  39 
 0  0  0  27  0  0  0  40  0  0 
 0  0  22  0  0  0  40  0  0  44 
 0  0  0  0  0  0  0  0  0  45 
 9  0  0  0  0  39  0  44  45  0 

(2, 7) (9, 7) (5, 9) (0, 9) (4, 0) (8, 9) (6, 7) (1, 4) (3, 6) Waga: 242

 0  0  0  0  0  0  6  0  0  0 
 0  0  0  0  0  0  0  15  0  17 
 0  0  0  0  0  0  0  0  0  24 
 0  0  0  0  0  0  0  0  29  0 
 0  0  0  0  0  0  32  0  0  0 
 0  0  0  0  0  0  0  0  38  0 
 6  0  0  0  32  0  0  40  41  0 
 0  15  0  0  0  0  40  0  0  0 
 0  0  0  29  0  38  41  0  0  0 
 0  17  24  0  0  0  0  0  0  0 

(6, 7) (1, 7) (8, 6) (0, 6) (9, 1) (3, 8) (4, 6) (2, 9) (5, 8) Waga: 242

 0  0  0  0  0  5  0  0  0  0 
 0  0  0  0  0  0  0  0  0  17 
 0  0  0  0  0  0  0  22  23  0 
 0  0  0  0  0  0  0  0  29  0 
 0  0  0  0  0  0  0  0  34  0 
 5  0  0  0  0  0  36  0  38  39 
 0  0  0  0  0  36  0  0  0  0 
 0  0  22  0  0  0  0  0  0  0 
 0  0  23  29  34  38  0  0  0  0 
 0  17  0  0  0  39  0  0  0  0 

(2, 7) (8, 2) (5, 8) (4, 8) (6, 5) (9, 5) (1, 9) (0, 5) (3, 8) Waga: 243

 0  0  2  0  0  0  0  0  0  0 
 0  0  0  0  0  0  0  0  0  17 
 2  0  0  0  0  20  0  0  0  0 
 0  0  0  0  25  26  0  0  29  0 
 0  0  0  25  0  0  0  0  0  0 
 0  0  20  26  0  0  0  0  0  39 
 0  0  0  0  0  0  0  0  41  0 
 0  0  0  0  0  0  0  0  0  44 
 0  0  0  29  0  0  41  0  0  0 
 0  17  0  0  0  39  0  44  0  0 

(5, 2) (3, 5) (8, 3) (0, 2) (4, 3) (9, 5) (7, 9) (1, 9) (6, 8) Waga: 243

 0  0  0  0  4  0  0  0  0  0 
 0  0  0  0  0  0  14  0  0  0 
 0  0  0  0  0  20  0  0  0  24 
 0  0  0  0  0  0  0  0  29  0 
 4  0  0  0  0  0  0  33  0  0 
 0  0  20  0  0  0  0  37  0  0 
 0  14  0  0  0  0  0  40  0  0 
 0  0  0  0  33  37  40  0  43  0 
 0  0  0  29  0  0  0  43  0  0 
 0  0  24  0  0  0  0  0  0  0 

(5, 2) (7, 5) (8, 7) (4, 7) (0, 4) (9, 2) (3, 8) (6, 7) (1, 6) Waga: 244

 0  0  0  0  0  0  0  0  0  9 
 0  0  0  0  12  0  0  0  0  0 
 0  0  0  0  0  0  21  0  0  0 
 0  0  0  0  0  0  0  28  29  0 
 0  12  0  0  0  31  32  0  0  0 
 0  0  0  0  31  0  0  0  0  0 
 0  0  21  0  32  0  0  40  0  42 
 0  0  0  28  0  0  40  0  0  0 
 0  0  0  29  0  0  0  0  0  0 
 9  0  0  0  0  0  42  0  0  0 

(7, 6) (9, 6) (4, 6) (3, 7) (2, 6) (8, 3) (5, 4) (1, 4) (0, 9) Waga: 244

 0  0  0  3  0  0  0  0  0  0 
 0  0  0  0  0  13  0  0  0  0 
 0  0  0  0  0  0  0  0  23  0 
 3  0  0  0  0  26  0  0  0  30 
 0  0  0  0  0  0  0  0  0  35 
 0  13  0  26  0  0  36  0  38  0 
 0  0  0  0  0  36  0  40  0  0 
 0  0  0  0  0  0  40  0  0  0 
 0  0  23  0  0  38  0  0  0  0 
 0  0  0  30  35  0  0  0  0  0 

(5, 8) (3, 5) (2, 8) (0, 3) (6, 5) (9, 3) (7, 6) (4, 9) (1, 5) Waga: 244

 0  0  0  0  0  0  0  7  0  0 
 0  0  0  0  0  0  0  0  16  0 
 0  0  0  0  19  0  0  0  0  0 
 0  0  0  0  0  26  0  28  0  0 
 0  0  19  0  0  0  0  33  34  0 
 0  0  0  26  0  0  0  0  0  0 
 0  0  0  0  0  0  0  40  0  42 
 7  0  0  28  33  0  40  0  0  0 
 0  16  0  0  34  0  0  0  0  0 
 0  0  0  0  0  0  42  0  0  0 

(8, 4) (7, 4) (6, 7) (2, 4) (3, 7) (0, 7) (5, 3) (9, 6) (1, 8) Waga: 245

 0  0  0  0  4  0  0  0  0  0 
 0  0  0  11  0  0  0  0  0  17 
 0  0  0  0  0  0  0  0  23  0 
 0  11  0  0  0  0  0  0  0  0 
 4  0  0  0  0  0  0  0  34  0 
 0  0  0  0  0  0  0  37  38  39 
 0  0  0  0  0  0  0  0  0  42 
 0  0  0  0  0  37  0  0  0  0 
 0  0  23  0  34  38  0  0  0  0 
 0  17  0  0  0  39  42  0  0  0 

(5, 7) (8, 5) (4, 8) (9, 5) (1, 9) (6, 9) (0, 4) (3, 1) (2, 8) Waga: 245

 0  0  0  0  4  0  0  0  0  0 
 0  0  0  0  12  0  14  0  0  0 
 0  0  0  0  0  20  0  0  0  0 
 0  0  0  0  0  0  0  0  29  0 
 4  12  0  0  0  0  0  0  0  0 
 0  0  20  0  0  0  36  0  0  0 
 0  14  0  0  0  36  0  0  0  42 
 0  0  0  0  0  0  0  0  0  44 
 0  0  0  29  0  0  0  0  0  45 
 0  0  0  0  0  0  42  44  45  0 

(5, 6) (9, 6) (8, 9) (7, 9) (2, 5) (1, 6) (4, 1) (0, 4) (3, 8) Waga: 246

 0  0  2  0  0  0  0  0  0  0 
 0  0  10  0  0  0  0  0  0  0 
 2  10  0  0  0  0  0  0  23  0 
 0  0  0  0  25  0  0  0  0  0 
 0  0  0  25  0  0  0  33  34  0 
 0  0  0  0  0  0  0  37  0  0 
 0  0  0  0  0  0  0  0  41  0 
 0  0  0  0  33  37  0  0  0  0 
 0  0  23  0  34  0  41  0  0  45 
 0  0  0  0  0  0  0  0  45  0 

(3, 4) (8, 4) (2, 8) (1, 2) (0, 2) (7, 4) (5, 7) (9, 8) (6, 8) Waga: 250

 0  0  0  0  4  0  0  0  0  0 
 0  0  0  0  0  0  0  0  16  0 
 0  0  0  0  0  20  0  0  0  0 
 0  0  0  0  25  0  0  0  0  0 
 4  0  0  25  0  0  32  0  0  0 
 0  0  20  0  0  0  36  37  0  39 
 0  0  0  0  32  36  0  0  41  0 
 0  0  0  0  0  37  0  0  0  0 
 0  16  0  0  0  0  41  0  0  0 
 0  0  0  0  0  39  0  0  0  0 

(6, 8) (5, 6) (2, 5) (7, 5) (4, 6) (1, 8) (9, 5) (0, 4) (3, 4) Waga: 250

 0  0  2  0  0  0  0  0  0  0 
 0  0  10  0  12  0  0  0  0  0 
 2  10  0  0  0  0  0  0  0  0 
 0  0  0  0  0  0  0  0  29  0 
 0  12  0  0  0  0  0  0  34  0 
 0  0  0  0  0  0  0  0  38  0 
 0  0  0  0  0  0  0  40  41  0 
 0  0  0  0  0  0  40  0  0  0 
 0  0  0  29  34  38  41  0  0  45 
 0  0  0  0  0  0  0  0  45  0 

(8, 4) (1, 4) (2, 1) (6, 8) (3, 8) (0, 2) (5, 8) (7, 6) (9, 8) Waga: 251

 0  0  0  3  0  0  0  0  0  0 
 0  0  0  0  12  0  0  0  0  0 
 0  0  0  0  19  0  0  0  23  0 
 3  0  0  0  0  0  0  0  0  30 
 0  12  19  0  0  0  0  0  0  0 
 0  0  0  0  0  0  0  0  38  0 
 0  0  0  0  0  0  0  40  0  42 
 0  0  0  0  0  0  40  0  0  0 
 0  0  23  0  0  38  0  0  0  45 
 0  0  0  30  0  0  42  0  45  0 

(0, 3) (9, 3) (8, 9) (6, 9) (2, 8) (7, 6) (4, 2) (1, 4) (5, 8) Waga: 252

 0  0  0  0  0  0  0  7  0  0 
 0  0  0  0  0  0  0  0  0  17 
 0  0  0  0  19  20  0  0  0  0 
 0  0  0  0  0  0  0  28  0  0 
 0  0  19  0  0  0  0  0  34  0 
 0  0  20  0  0  0  0  0  0  0 
 0  0  0  0  0  0  0  0  41  0 
 7  0  0  28  0  0  0  0  43  44 
 0  0  0  0  34  0  41  43  0  0 
 0  17  0  0  0  0  0  44  0  0 

(6, 8) (7, 8) (0, 7) (3, 7) (4, 8) (9, 7) (2, 4) (5, 2) (1, 9) Waga: 253

 0  0  0  0  4  0  0  0  0  0 
 0  0  0  0  0  0  14  0  0  0 
 0  0  0  0  0  0  21  0  0  0 
 0  0  0  0  0  0  0  28  0  0 
 4  0  0  0  0  0  0  33  0  0 
 0  0  0  0  0  0  36  0  0  39 
 0  14  21  0  0  36  0  40  41  0 
 0  0  0  28  33  0  40  0  0  0 
 0  0  0  0  0  0  41  0  0  0 
 0  0  0  0  0  39  0  0  0  0 

(6, 2) (5, 6) (1, 6) (7, 6) (4, 7) (8, 6) (3, 7) (9, 5) (0, 4) Waga: 256

 0  0  0  0  0  0  6  0  0  0 
 0  0  10  0  0  0  0  0  0  0 
 0  10  0  0  0  0  21  0  0  0 
 0  0  0  0  0  0  0  0  29  0 
 0  0  0  0  0  31  0  0  0  0 
 0  0  0  0  31  0  0  0  38  39 
 6  0  21  0  0  0  0  40  0  42 
 0  0  0  0  0  0  40  0  0  0 
 0  0  0  29  0  38  0  0  0  0 
 0  0  0  0  0  39  42  0  0  0 

(9, 5) (8, 5) (6, 9) (2, 6) (3, 8) (0, 6) (7, 6) (1, 2) (4, 5) Waga: 256

 0  0  0  3  0  0  0  0  0  0 
 0  0  0  0  0  0  0  0  16  0 
 0  0  0  18  0  0  0  0  0  0 
 3  0  18  0  0  0  0  0  29  0 
 0  0  0  0  0  0  0  33  34  0 
 0  0  0  0  0  0  0  0  38  0 
 0  0  0  0  0  0  0  0  41  0 
 0  0  0  0  33  0  0  0  0  0 
 0  16  0  29  34  38  41  0  0  45 
 0  0  0  0  0  0  0  0  45  0 

(8, 4) (1, 8) (9, 8) (3, 8) (2, 3) (6, 8) (5, 8) (0, 3) (7, 4) Waga: 257

 0  0  0  0  0  0  0  7  0  0 
 0  0  0  11  0  0  0  0  0  0 
 0  0  0  18  0  0  0  0  0  0 
 0  11  18  0  0  26  0  0  0  0 
 0  0  0  0  0  0  0  0  0  35 
 0  0  0  26  0  0  0  37  0  0 
 0  0  0  0  0  0  0  40  0  42 
 7  0  0  0  0  37  40  0  43  0 
 0  0  0  0  0  0  0  43  0  0 
 0  0  0  0  35  0  42  0  0  0 

(5, 7) (6, 7) (3, 5) (9, 6) (0, 7) (4, 9) (8, 7) (1, 3) (2, 3) Waga: 259

 0  0  0  0  0  0  6  0  0  0 
 0  0  0  0  0  0  0  15  0  0 
 0  0  0  0  0  0  0  22  0  0 
 0  0  0  0  0  0  27  0  0  0 
 0  0  0  0  0  31  0  0  0  35 
 0  0  0  0  31  0  0  0  0  0 
 6  0  0  27  0  0  0  0  41  42 
 0  15  22  0  0  0  0  0  43  0 
 0  0  0  0  0  0  41  43  0  0 
 0  0  0  0  35  0  42  0  0  0 

(6, 0) (8, 6) (3, 6) (9, 6) (7, 8) (2, 7) (4, 9) (5, 4) (1, 7) Waga: 262

 0  0  0  0  0  0  6  0  0  0 
 0  0  0  0  12  0  0  0  0  0 
 0  0  0  0  0  0  21  0  0  0 
 0  0  0  0  0  0  27  0  0  0 
 0  12  0  0  0  0  0  0  34  0 
 0  0  0  0  0  0  0  0  38  0 
 6  0  21  27  0  0  0  0  41  0 
 0  0  0  0  0  0  0  0  43  44 
 0  0  0  0  34  38  41  43  0  0 
 0  0  0  0  0  0  0  44  0  0 

(4, 8) (7, 8) (6, 8) (9, 7) (3, 6) (2, 6) (0, 6) (5, 8) (1, 4) Waga: 266

 0  0  0  0  0  0  0  0  8  0 
 0  0  0  0  0  0  0  0  16  0 
 0  0  0  0  19  0  0  0  0  0 
 0  0  0  0  0  0  0  28  0  0 
 0  0  19  0  0  0  32  0  0  35 
 0  0  0  0  0  0  0  0  0  39 
 0  0  0  0  32  0  0  0  0  0 
 0  0  0  28  0  0  0  0  0  44 
 8  16  0  0  0  0  0  0  0  45 
 0  0  0  0  35  39  0  44  45  0 

(5, 9) (4, 9) (7, 9) (8, 9) (2, 4) (0, 8) (6, 4) (1, 8) (3, 7) Waga: 266

 0  0  0  0  0  5  0  0  0  0 
 0  0  0  0  0  13  0  0  0  0 
 0  0  0  0  0  0  21  0  0  0 
 0  0  0  0  0  0  0  0  29  0 
 0  0  0  0  0  0  0  33  0  0 
 5  13  0  0  0  0  0  37  0  0 
 0  0  21  0  0  0  0  0  0  42 
 0  0  0  0  33  37  0  0  43  0 
 0  0  0  29  0  0  0  43  0  45 
 0  0  0  0  0  0  42  0  45  0 

(7, 8) (5, 7) (4, 7) (0, 5) (1, 5) (9, 8) (6, 9) (3, 8) (2, 6) Waga: 268